[5.794247]
[5.652596]
[5.386351]
[5.102729]
[4.69981]
[4.493725]
[4.160521]
[3.583436]
[3.460734]
[3.522092]
[2.884019]
[3.475677]
[2.8005]
[2.676566]
[2.77068]
[2.949203]
[2.974899]
[2.983888]
[2.464184]
[2.277257]
[1.972786]
[2.500704]
[2.614933]
[2.373308]
[1.909168]
[2.265992]
[2.075317]
[2.363921]
[2.065387]
[2.046801]
[1.640094]
[2.173931]
[1.796532]
[1.666864]
[1.905428]
[1.781102]
[2.180271]
[1.629585]
[1.617068]
[1.88688]
[1.496029]
[1.826131]
[1.460736]
[2.294768]
[1.500943]
[1.647002]
[1.299584]
[1.598803]
[1.946208]
[2.330993]
[1.541013]
[1.714254]
[1.565292]
[1.521307]
[1.397493]
[1.612339]
[1.780337]
[1.425746]
[1.330854]
[1.912155]
[1.581464]
[1.63557]
[1.271334]
[1.452842]
[1.589712]
[1.430501]
[1.296779]
[2.036614]
[1.22198]
[1.145318]
[1.222807]
[1.866768]
[1.701858]
[1.259406]
[1.797603]
[1.872702]
[1.498388]
[1.921834]
[1.222757]
[1.250598]
[1.284126]
[1.470698]
[1.398732]
[1.524181]
[1.983654]
[1.728959]
[1.134619]
[1.359033]
[1.267941]
[1.302493]
[1.974279]
[1.374074]
[1.211801]
[1.724071]
[1.711517]
[1.17387]
[1.448732]
[1.265019]
[1.282679]
[1.245654]
[1.58458]